0201409552
0380001012
002542730X
0028604202
0380708280
0870114638
0441005993
0061054895
1416543694
0671664948
0312941463
0451450124
0440212561
0061056928
0380818191
0061020710
0061020699
006105691X
0451452259
0380788624
0618894640
0312412622
0913668001
1400082315
0394820371
159059385X
0786881852
0446695564
013228751X
0684824906
0596529325
0671664964
1575401142
0934641374
0321123816
0735709971
0130384747
068987877X
0060502932
0312944098
0440167809
0395966582
0393317552
0713998628
1402070187
0534953417
1558606041
0878937196